7297
221
8272
7074
4525
8282
6579
1515
397
5346
6911
8984
3171
6997
7817
149
4367
1829
2152
4460
9778
9069
7677
8868
4656
159
6588
4826
3924
5672
7560
7418
7501
2769
7004
8186
7926
3045
5366
9987
5284
1274
286
6333
9992
9006
9508
7287
1716
5856
7032
5295
7466
4023
8099
3844
1408
3267
6403
6981
8288
7534
1475
565
7148
6830
601
7166
4047
4571
9864
1407
5742
4407
4934
1076
6861
9231
4152
1728
2078
413
7882
6378
5876
326
1835
2129
4565
5463
9844
3084
8942
6999
2873
3539
5553
520
936
148
8410
2160
7183
7027
3855
4143
6330
1185
9989
1452
3513
1319
495
3296
5488
703
4226
9982
6169
2911
724
9214
2036
7268
8002
9269
4670
5591
4481
7187
975
9246
2060
4424
157
9153
7164
4739
863
4503
8454
617
7132
1342
4557
527
5361
8403
169
4852
913
6307
9104
6205
6470
3823
2672
7742
5414
9861
2414
2706
1362
705
4153
2840
6472
7936
6888
3274
7960
6716
2450
5594
8803
8777
3612
9436
3343
1562
7292
7482
6359
8401
7165
1672
4767
4946
8027
4629
4966
8050
5246
6234
4164
833
2532
8210
9139
4641
6391
6694
6714
738
4173
5892
8803
6556
4750
5307
5774
4904
9633
5078
3503
860
9135
3091
9267
5408
7673
1054
8848
721
6404
830
6666
2498
7634
4828
5569
1370
3469
5900
6120
7471
6541
3226
9345
4364
9705
3266
1427
785
8666
9243
8365
8024
218
1521
965
4095
572
77
2025
3991
6229
3076
6903
3064
8023
8489
3416
6319
7343
9743
6167
933
5349
2463
8607
6733
6624
3715
3394
8297
12
1437
9398
1273
6419
950
1913
7874
3048
135
5942
9959
4180
2429
5600
9239
7367
3021
4187
882
7712
6996
4426
6393
3864
6601
6114
9441
184
322
46
1140
9915
6912
2636
4388
4637
5704
6868
7052
8723
9646
7689
1766
5013
1472
1608
7010
8582
4444
8094
5146
5812
1887
5254
1119
8971
1932
4927
5918
1860
6021
1483
8661
5082
9080
1828
9021
6493
2201
7386
8451
9967
6504
7848
8742
2380
5071
4692
3903
3063
2699
6676
4264
5648
4900
7198
3659
5282
7242
8696
5720
8664
2622
1279
7554
2303
8586
7123
4806
6070
7966
9758
4649
6482
6024
4229
6190
7086
9359
6407
1857
608
1820
8547
3106
9111
2550
8551
4673
7152
9688
6611
5586
7448
1025
5595
8605
7772
6456
3323
4998
572
7562
1877
6388
5262
4722
1462
7951
9374
7875
6438
9595
899
5925
1022
8396
333
3369
2868
3716
7722
9163
7666
7168
4025
6931
5845
4796
2550
6552
4001
4846
4771
9554
7330
6422
7815
4314
5533
912
8448
4816
7029
2098
2037
1881
8521
744
6630
2867
6282
2042
4917
3798
6347
167
1501
8904
8593
113
4080
3853
7882
1172
6607
9450
2330
8548
3235
9780
2416
2290
6025
42
8407
1322
1449
2252
2392
6893
567
6454
1133
4998
4594
4093
8832
2826
731
1124
1826
8769
5728
7579
2840
2668
3877
837
9744
8898
1220
6709
9889
2507
1835
4708
7712
1192
3028
5874
7375
3852
4019
9591
2336
7739
1480
5476
9415
4446
9028
250
3885
4064
4136
4614
8657
8681
8424
872
425
7812
1087
9055
6966
7198
1965
3252
9733
1390
7595
2351
434
1243
2414
3193
1831
4191
6298
8415
275
6886
1006
2383
8757
3314
957
9651
5495
6159
3181
6535
9064
3166
600
8072
4754
6560
5744
7883
5866
6928
4864
4999
5413
3774
2861
8017
4951
132
9867
9794
4295
9974
2268
5207
2271
7835
643
3748
6544
6706
8599
2533
2754
5091
8083
8819
2216
324
3594
6608
4754
1236
9815
1487
8172
8392
8803
7955
5684
6015
1520
2786
3817
1443
3330
9973
1823
5215
717
559
6510
4632
8282
5511
9482
4985
1651
9732
4190
879
1533
9285
4802
2317
6918
2922
6603
5917
324
5010
1153
5668
13
689
3372
6049
8292
6222
1591
3122
6353
1911
1447
1458
6714
8017
6629
7667
3613
7072
8071
9316
5824
2622
4845
5007
2271
1324
2070
7474
2868
3315
5939
4727
2277
85
6595
290
9143
4325
478
9991
3777
8224
8078
6838
3483
8774
6695
9588
4565
6889
2630
567
9684
5921
1975
1021
3735
5801
6673
9994
9720
7401
8317
9548
2910
7137
6180
6188
4814
1711
8102
4420
7042
5710
5398
1463
7714
11
6674
321
8191
9173
1041
3229
3791
8576
4006
4973
4386
7925
7345
3689
5731
9514
9988
3015
7034
3209
8002
7139
462
7040
8115
2379
7272
9221
373
7194
5474
7444
9133
911
3998
2342
1435
4009
4260
4559
1787
6417
2067
1221
9416
8596
8329
2248
427
3660
2830
6338
4641
9994
5962
3340
2410
6785
9862
6346
1182
3778
6448
964
5162
9152
1576
8850
5320
4031
9943
8788
1581
4222
3344
8091
3371
5918
4366
5511
7431
4382
7565
9310
5781
8405
7461
982
8863
2187
3217
6463
2933
8323
4398
688
9982
9977
5487
3964
8124
4356
4509
2225
109
6969
8827
9917
9310
5612
2487
701
1467
3539
2349
8067
5426
4152
8966
7859
8213
2619
1789
1738
5389
2050
2434
9244
5836
878
2760
8360
8411
5244
5817
6986
4130
6612
4793
126
6358
3361
2151
1084
5276
221
8496
5892
9388
8793
7918
3862
1777
4710
3358
5902
9516
6403
9359
4699
3880
5139
9942
6603
1113
1802
9391
3957
4446
5348
5358
3010
5189
1090
2771
1032
7149
6369
2747
629
663
3417
5411
9860
6406
4768
3448
3215
7925
6312
9882
7154
7015
3884
9103
7671
3082
1618
947
4868
5509
2220
2573
1997
5632
1329
1261
9830
4179
2260
5858
4042
2375
1310
7560
5569
6760
8413
1150
1441
4012
9175
7670
3268
9005
3100
2709
3138
770
1480
9242
539
9340
8338
8155
3667
2796
4309
8075
6090
1890
1528
8153
7847
8480
6139
690
2736
4701
2432
5733
3241
5125
6516
8743
4327
893
7593
7197
1039
8469
5137
935
6287
2326
1833
7597
2985
5435
3360
1392
1208
3709
2274
7635
3648
4870
8325
3091
5462
582
1759
6545
3465
7124
2178
9473
3180
60
981
11
3746
5031
6625
4702
8084
5528
4133
2260
5217
2979
2230
3569
4499
9656
406
1413
8730
7293
4367
5185
4071
9914
7037
8166
9335
1085
8741
3033
6618
2925
742
4642
9775
3852
2747
1012
2238
3142
3273
3047
2721
1142
4235
6689
1712
8520
952
4147
2104
2377
9758
719
3287
3674
829
744
9222
1396
2226
4226
9315
2181
7406
1592
5946
2280
8291
9388
1232
8243
6763
1912
172
7962
9796
3892
4530
7361
7020
881
6285
62
260
5554
313
3053
5364
3690
8090
7069
8668
7232
8620
4839
1634
6511
648
639
8765
4042
4975
5748
1357
7789
2902
7473
3924
3582
8734
9094
9429
4882
399
1840
8664
5597
8289
7029
5271
6449
6823
8780
7224
791
4568
6696
4503
3452
3931
9734
3982
3346
7262
5356
8868
3064
4627
8529
8448
4692
2536
7403
6825
3644
770
5812
8012
9620
7637
9782
904
3441
7394
5605
3257
2780
8029
4908
7423
9762
1417
8911
6330
4969
3059
2655
6996
1629
856
6541
6075
5897
9924
3382
2682
5297
4600
4028
2196
4875
9255
6357
4092
9854
9213
3836
7011
5746
5020
502
8111
5143
437
3551
964
3906
3824
6563
6193
2210
6407
7656
4602
7649
2293
3016
4686
6838
326
4765
8436
295
5611
3685
8807
1483
6734
9957
6043
9133
6332
2778
7002
589
5523
3930
5152
2529
1769
6681
7087
1369
9430
5992
4720
864
8864
2072
1943
5470
5521
1548
4417
730
1799
2571
3437
6365
936
421
3108
1650
8847
8109
7958
2441
3303
2693
5891
3659
2163
8888
8402
1671
8584
8576
5393
8427
7960
7095
3626
8111
7004
3579
6367
9595
9069
3147
7170
8696
3951
7214
3347
196
9466
627
2118
9839
8630
866
6672
4579
8210
9073
5438
7888
4145
7123
2706
3349
3554
2060
859
4139
9323
3871
2736
779
5633
472
4201
1712
6631
5765
5035
7175
8848
6495
2397
115
6466
3559
7115
4077
329
6747
935
4712
7557
5639
2630
5282
2546
5720
5566
6999
4626
7709
9770
1680
5353
3606
6648
9337
1956
3230
9632
8959
6806
8053
9377
3000
5953
3126
5401
9741
6254
6920
16
6850
6793
4847
9282
8151
5675
7186
7031
3767
6309
8935
6193
1037
7335
1995
7986
3958
9626
6286
1879
3553
4944
3562
4996
3715
7398
9316
7085
1672
9986
3740
7647
3588
5695
6095
4953
8839
1747
2460
8250
5326
4873
3875
8968
4102
8015
8152
8026
5804
7310
8487
6355
4000
1761
9522
3180
5688
7925
4310
9548
7393
2524
7692
5574
3840
8061
3035
5887
7942
1835
8938
4459
8162
7808
1059
9123
8160
7671
9427
9237
8319
5907
2543
6793
9232
9470
1168
9211
2283
4514
15
6473
4252
8734
3723
9898
7434
2182
887
7129
9816
4234
7361
6862
405
1440
2493
4871
6318
3184
7952
3656
1619
6877
4856
6444
3238
7995
5673
2262
9919
6641
7554
8777
9245
1405
238
960
1480
126
9015
5562
98
4658
6309
550
316
5036
3299
4919
8820
3361
3186
3029
7355
9936
519
384
5445
556
3520
4097
2906
903
5493
1102
9033
8748
777
1962
2956
5593
1903
5927
3335
3671
6729
7369
9146
4296
8315
8136
5462
6844
2782
4145
7068
2816
5041
3210
3073
7380
5290
4448
3310
8758
3770
3823
6563
3664
1151
861
3691
2043
8979
4083
1867
6671
4673
1337
8197
7800
4487
2461
937
7174
4151
3616
2074
5041
4760
6093
6334
1943
9322
4455
8896
9092
4615
1549
1536
7277
9268
3693
9673
217
1895
5827
1171
5420
8402
8075
3903
7553
93
7467
7632
4915
9762
7030
3065
7416
2114
6526
1265
9803
4789
425
2579
8356
5519
1615
50
5174
4877
9405
3690
8757
3359
6729
3618
6050
176
307
9821
6949
5296
6164
7711
6102
9619
8502
9485
9176
1474
3648
813
9138
6591
3772
7933
4714
949
4598
9167
3456
4830
6003
6898
5045
5311
2940
7884
2135
654
5734
2995
8250
340
2351
8187
6820
1932
3526
9561
8964
3483
6391
3430
9296
9306
2211
7280
8827
8959
8472
2410
63
4618
4674
9124
3724
6763
3949
2181
5037
8673
3558
9108
4899
1564
6125
2439
448
2868
8825
8226
1714
3491
1672
6401
7403
4733
785
6657
3097
4640
1960
9240
9686
2598
3469
8101
6382
4631
8082
6786
7704
236
8919
3782
516
3166
7780
6615
1039
701
3490
3932
9350
8604
9990
3969
6613
5770
7803
4308
3098
6716
699
7356
9370
613
5066
137
2447
8823
9951
1334
1966
51
1391
7243
8145
3133
8104
6127
5717
9179
7127
6059
3746
4252
4726
1962
6082
1189
6006
3340
5696
8151
2612
9786
5807
1772
8923
4307
2308
5728
8871
4117
7505
3100
8673
5960
8062
2221
7868
4196
5094
6243
1290
1218
7163
2070
1547
6272
2583
6755
3236
6030
4641
8132
6904
7638
8856
2862
102
5385
7871
5956
2894
4259
3397
4409
1649
5888
7728
4402
2788
617
6229
3577
1328
2855
6694
4590
6922
6072
3832
6280
106
6062
272
9961
6042
3045
6762
2976
8829
4749
8998
5080
7321
8725
2271
5086
50
5513
169
352
1445
9746
7383
9888
6237
4332
1718
8552
1334
1829
2521
5383
7292
9456
3041
1129
2174
5881
3945
4885
5909
980
7500
6736
1659
2206
7027
8320
6778
2133
863
5931
4898
1540
1535
3133
7029
1670
783
3127
9843
2523
3005
725
4158
9096
7385
248
4649
809
8600
7346
1458
5730
533
4257
3768
9011
2885
6354
1883
3481
6821
5719
2095
3569
7234
5523
7580
8824
6085
2305
4518
1310
5993
3701
1731
7945
7770
1578
2222
3494
5708
3675
1496
9274
1557
9133
8805
2422
1992
7305
4394
6233
9583
472
2385
4207
1860
8422
3302
9912
8188
297
2450
5923
3057
8667
7009
6553
3210
8291
7874
7974
5257
3011
442
6753
5280
2602
2646
1597
3361
6600
1915
8089
9345
4226
1931
4210
7625
7324
3927
4920
233
2051
8347
7389
6568
4813
539
2202
7468
6983
328
3324
2226
5278
5118
8683
9227
410
8221
1340
3604
4740
7122
9324
9600
7209
8306
2988
9988
6710
7763
477
6974
2323
6
6321
1219
668
7348
4112
6100
1738
4532
4172
9084
9649
4775
1212
3881
1650
1872
5637
3812
7665
6627
4391
5486
1921
2505
6931
6105
8523
1949
7755
6833
541
8359
1169
3541
8623
4674
4753
6
7681
6011
1339
5450
5760
616
5240
2157
2535
2611
3390
5478
7218
1330
9342
9953
4206
5493
8891
3934
1580
6891
5557
9717
6245
8512
2979
5971
7607
5735
2735
4870
6782
7952
9148
5810
1262
5127
7042
6509
1532
3161
8714
8909
572
7251
117
8220
196
6761
1350
7589
6368
3983
7584
4334
6671
8199
1418
673
7547
6792
880
6297
8694
3800
9219
3446
7535
9126
6000
9004
2148
262
7901
3390
6098
4202
5967
867
2711
2009
9946
8898
8889
1982
544
9264
4783
9920
3531
483
3741
8361
6805
5297
1005
1894
8100
4186
792
2026
2884
927
2613
3231
8380
8077
6312
6826
5250
9946
7308
6362
794
6155
9067
1261
905
8239
9577
8606
7417
7036
433
5118
3157
4068
1815
9134
8804
7315
7693
2775
7010
6168
4961
8007
4202
46
99
8889
2960
3461
2245
4943
4266
818
3627
8590
607
3648
4945
3925
3224
8721
4188
5499
6835
7525
9977
1157
9702
1829
129
5761
2320
2381
78
8643
2715
9428
4711
9929
6046
5833
7159
3580
3647
5068
7164
6982
2485
3301
4460
9050
4476
4869
3745
5396
5970
4312
4821
2606
2862
676
9801
1868
3952
5920
5791
630
8579
6292
7863
2463
1279
1193
5782
4982
2124
4604
7699
3353
881
1908
5660
416
8601
717
5221
3437
1319
8033
7328
2030
4209
3043
7496
28
3751
9015
1047
9780
4503
6369
9736
6960
3737
7128
9943
8689
7237
4999
6772
3130
2901
5680
9318
3948
8612
365
7308
6586
5526
6069
1599
5928
7713
7463
5811
277
8281
7205
8428
8482
5674
3120
3181
9246
8654
5036
3148
3791
7310
3296
1314
3503
9461
829
4558
3089
5872
2393
6409
1102
322
7926
468
4721
3300
7427
1981
955
9162
8063
3681
211
3616
6885
7483
8398
371
1737
9099
5431
5468
3165
66
4555
1447
608
7193
723
2130
2532
2721
1935
6193
9162
6020
2460
3118
5116
3339
8225
6989
8295
4666
4124
5502
2003
326
1524
5468
4993
8838
4058
98
8944
7175
9985
8477
8939
8377
1015
9117
8050
3543
1119
4565
372
2484
9277
5425
4934
9105
8925
279
371
715
1552
6663
1151
9665
5508
5692
6649
131
3886
7364
541
1285
4775
908
5428
4723
6896
8229
5673
9167
1907
2339
808
246
1352
4835
9620
337
321
7868
8469
2472
3523
6671
477
1104
3761
5209
4262
7236
8694
8535
8986
9105
6079
6200
4125
6028
1251
6830
7435
6255
16
2718
4362
7792
8899
2056
9948
7170
5779
8352
9363
4852
5594
8490
8992
2472
4529
7509
9403
9391
7767
990
3769
815
6478
9589
6380
5270
2675
8412
1965
2712
728
2844
1118
3941
4495
7282
3215
5958
6517
9207
736
8597
6408
2397
1598
4716
551
2181
7163
3206
4
1469
846
1714
5992
8998
5812
8119
8708
5604
994
7361
2048
1375
9385
8696
1330
7559
868
3713
3868
7540
5504
7774
6402
9067
6488
5537
3798
3100
9629
4719
5458
7464
2430
303
5506
5201
7114
2001
8107
6217
3055
9339
1132
7468
6941
8175
2479
1562
4909
3400
7500
3228
7095
3987
8347
9320
5941
2987
883
1072
5138
7244
5172
5316
3789
7193
1661
8920
5344
9146
3291
7552
9704
3117
1232
6871
1008
28
347
3631
606
1919
3321
5571
4378
1944
2503
9513
4439
9917
6115
3299
2335
6051
2783
3060
4543
4917
9520
7776
5404
3780
1961
6444
8928
664
3679
6836
133
4581
5129
9003
13
7193
4647
9501
5788
2801
8331
6161
50
5692
7928
5546
8249
9783
5493
7020
6151
9511
2222
3820
7280
7893
8760
3105
9324
6275
8751
726
8320
7533
6270
49
9756
651
2921
3549
272
4147
1626
1748
6796
635
9447
3833
9394
3292
4925
8689
4714
9346
171
1729
4434
7375
4349
2467
4976
1504
498
626
7686
2840
9293
1013
5184
6920
8181
1961
268
6000
921
3414
8503
1262
6884
3283
8544
6277
3688
6294
3611
330
6282
9476
8773
1448
3578
2966
6639
9923
7758
5996
4041
9865
1034
5516
7964
2693
2718
4787
547
9933
2955
9996
5415
7435
3011
1230
182
6040
1020
4767
8752
6468
6289
599
2285
5987
5670
8239
7278
1057
1013
5736
8302
3542
2138
4440
4373
6325
8951
6848
9098
2190
8357
5721
529
5699
232
9100
5144
6984
6717
8640
4602
7731
514
3422
9983
7427
8898
2737
7425
6014
6253
8186
1898
9618
1472
2943
8111
252
3205
8195
5635
9111
7338
369
4905
1853
7910
5986
3947
585
1550
6046
944
588
3411
8223
2205
7870
5524
1073
9611
5005
4808
2645
4224
3857
6176
3253
157
624
1117
9794
4980
8445
878
2441
9315
6042
1059
4516
4833
8463
5859
2940
404
7603
9158
8764
4461
9815
9344
3985
3441
1970
2763
3422
7748
1735
8911
4828
7620
5027
2465
6239
2527
6482
4886
8787
5554
6145
5986
3941
4032
6862
1105
190
2251
7931
2320
714
9458
6690
777
7223
7846
7570
8234
5401
7866
1272
5329
8426
5159
6617
6694
47
2826
6619
9717
8197
2331
164
2838
938
859
9642
4059
1833
8728
3241
8085
9021
1263
8419
6467
8806
7760
5505
7401
3898
4183
8120
633
6706
812
4583
7984
1093
8360
1852
4431
1443
9058
9479
8628
7623
7605
9975
309
784
4000
2640
7689
9465
2475
7373
6291
147
6080
6386
2747
8868
9117
139
827
7801
7093
3584
1827
7623
6029
6938
6537
7983
570
3007
4577
9168
4405
8793
532
3831
1991
2212
5184
9169
4455
1126
1356
