0
3
4
4
5
10
10
17
18
39
46
51
54
55
57
59
70
70
71
81
82
82
83
85
89
94
95
96
98
106
106
121
125
126
129
129
130
132
138
153
154
156
160
161
163
163
165
168
170
171
176
180
182
189
192
192
193
196
196
203
204
206
221
223
232
233
234
234
245
245
246
247
247
249
251
252
257
264
271
272
280
282
282
285
295
295
299
300
304
308
309
309
310
311
313
322
331
332
332
336
347
348
348
349
354
368
369
372
375
376
377
377
384
384
384
386
398
400
400
402
403
407
412
412
412
413
421
428
429
430
443
444
446
447
450
452
453
454
455
456
456
462
472
475
475
478
490
492
500
506
513
517
523
525
530
530
532
537
538
546
548
548
555
555
557
558
559
559
562
565
572
573
574
577
579
580
580
581
585
585
585
589
592
601
606
606
609
611
612
613
619
621
621
638
638
638
639
639
643
648
653
653
653
655
656
666
673
677
680
684
686
688
689
691
692
698
703
713
716
723
723
724
729
734
735
743
754
758
761
765
766
784
787
788
788
791
795
804
811
812
813
814
818
826
829
838
840
842
843
854
856
858
858
862
869
872
872
872
873
875
876
876
877
884
887
900
908
918
927
938
944
944
951
954
958
966
968
976
978
978
982
984
987
988
991
991
996
998
1004
1006
1019
1027
1027
1030
1030
1032
1035
1042
1052
1057
1062
1065
1066
1070
1071
1080
1086
1086
1086
1091
1092
1093
1099
1100
1103
1103
1104
1106
1116
1120
1124
1125
1129
1129
1134
1139
1141
1141
1147
1147
1152
1153
1159
1162
1169
1174
1176
1176
1182
1183
1187
1187
1189
1194
1201
1211
1215
1218
1227
1228
1232
1234
1239
1242
1243
1247
1250
1263
1263
1266
1271
1271
1280
1280
1284
1285
1287
1287
1291
1294
1295
1296
1296
1297
1297
1305
1305
1314
1316
1318
1319
1327
1328
1328
1336
1344
1350
1353
1355
1359
1360
1363
1368
1371
1374
1378
1379
1380
1381
1389
1393
1397
1403
1405
1406
1409
1412
1420
1422
1423
1425
1427
1428
1429
1437
1442
1451
1452
1460
1468
1469
1470
1471
1475
1476
1477
1477
1478
1478
1480
1490
1491
1494
1495
1499
1499
1505
1511
1512
1515
1518
1534
1549
1549
1550
1556
1559
1570
1577
1578
1594
1601
1602
1602
1604
1606
1608
1613
1615
1616
1617
1617
1622
1624
1625
1627
1632
1635
1635
1646
1648
1649
1653
1656
1658
1662
1667
1679
1680
1682
1693
1703
1705
1706
1707
1709
1713
1717
1734
1735
1741
1741
1745
1749
1753
1753
1755
1756
1756
1757
1757
1760
1760
1760
1764
1765
1766
1769
1771
1787
1787
1792
1793
1794
1794
1796
1801
1806
1809
1809
1811
1817
1817
1820
1822
1824
1824
1824
1825
1829
1832
1838
1841
1842
1845
1846
1848
1848
1849
1852
1852
1853
1856
1858
1861
1866
1870
1875
1876
1877
1879
1880
1882
1884
1889
1891
1891
1897
1899
1902
1902
1903
1904
1904
1911
1913
1917
1919
1922
1925
1928
1931
1932
1942
1945
1947
1951
1953
1962
1963
1964
1965
1967
1969
1970
1974
1976
1978
1979
1980
1982
1986
1988
1991
1994
1995
2004
2011
2014
2023
2029
2031
2037
2038
2039
2039
2043
2044
2045
2045
2054
2056
2057
2061
2072
2073
2074
2074
2076
2085
2092
2099
2108
2113
2115
2121
2122
2123
2126
2132
2135
2137
2140
2142
2143
2144
2145
2150
2150
2150
2169
2172
2174
2186
2193
2195
2199
2208
2209
2215
2216
2216
2223
2225
2228
2233
2241
2242
2243
2244
2244
2248
2249
2255
2260
2263
2264
2264
2265
2267
2267
2272
2276
2276
2278
2278
2281
2283
2286
2288
2294
2306
2308
2310
2310
2313
2316
2321
2322
2324
2326
2336
2337
2339
2344
2345
2346
2356
2359
2362
2362
2365
2369
2370
2371
2373
2375
2376
2376
2378
2379
2381
2385
2390
2390
2391
2392
2393
2393
2393
2396
2399
2402
2407
2413
2415
2417
2417
2427
2430
2434
2437
2437
2441
2443
2448
2452
2456
2463
2464
2469
2480
2480
2482
2488
2488
2491
2495
2496
2496
2498
2498
2501
2502
2504
2506
2506
2515
2517
2518
2519
2526
2528
2531
2532
2537
2538
2539
2540
2541
2544
2549
2550
2554
2554
2554
2561
2562
2563
2564
2565
2568
2594
2594
2596
2602
2604
2611
2624
2628
2629
2641
2646
2651
2655
2656
2666
2667
2682
2693
2699
2700
2700
2704
2705
2705
2706
2708
2710
2711
2717
2718
2719
2724
2727
2733
2744
2746
2747
2747
2752
2757
2758
2761
2763
2767
2772
2773
2774
2775
2790
2797
2797
2801
2802
2804
2814
2815
2817
2839
2847
2853
2856
2867
2878
2879
2881
2881
2888
2889
2898
2898
2899
2899
2905
2910
2914
2915
2919
2923
2925
2925
2928
2929
2932
2932
2934
2935
2935
2943
2951
2951
2954
2958
2968
2968
2981
2983
2984
2986
2989
2994
3004
3012
3015
3016
3021
3021
3024
3030
3037
3037
3039
3041
3050
3051
3051
3054
3055
3056
3060
3062
3064
3065
3068
3069
3075
3077
3078
3079
3079
3081
3086
3087
3088
3088
3091
3097
3102
3102
3105
3108
3109
3110
3110
3110
3110
3112
3112
3113
3124
3129
3134
3140
3140
3141
3156
3162
3180
3185
3186
3187
3196
3199
3205
3209
3209
3210
3213
3214
3214
3216
3223
3230
3239
3245
3247
3248
3252
3253
3256
3259
3261
3262
3267
3267
3268
3268
3269
3276
3281
3282
3295
3297
3306
3316
3317
3332
3336
3338
3339
3340
3340
3341
3343
3351
3354
3355
3356
3363
3370
3370
3370
3393
3397
3402
3404
3407
3408
3409
3411
3412
3413
3414
3417
3421
3426
3429
3430
3436
3437
3442
3444
3446
3449
3458
3459
3462
3462
3468
3472
3474
3478
3478
3480
3480
3480
3484
3489
3493
3497
3499
3501
3503
3503
3508
3511
3520
3528
3534
3535
3536
3537
3540
3544
3548
3550
3551
3558
3560
3563
3566
3568
3571
3571
3573
3578
3581
3585
3592
3592
3595
3595
3596
3598
3601
3603
3603
3605
3608
3609
3615
3615
3616
3616
3617
3624
3626
3629
3631
3636
3637
3644
3644
3644
3656
3656
3664
3664
3668
3669
3670
3671
3674
3675
3679
3680
3682
3683
3691
3691
3692
3694
3695
3699
3704
3706
3713
3717
3718
3723
3725
3725
3726
3733
3741
3742
3750
3752
3753
3753
3753
3757
3759
3761
3764
3766
3766
3767
3774
3778
3780
3784
3785
3788
3792
3792
3796
3800
3810
3813
3816
3821
3827
3831
3833
3839
3840
3841
3841
3852
3852
3855
3856
3863
3865
3867
3871
3881
3882
3887
3900
3900
3905
3909
3914
3914
3914
3916
3918
3922
3927
3929
3930
3931
3935
3937
3945
3946
3947
3948
3952
3955
3958
3958
3961
3963
3968
3969
3970
3973
3973
3975
3975
3975
3977
3978
3988
3991
3999
4002
4003
4008
4009
4011
4013
4019
4020
4025
4027
4032
4042
4044
4045
4049
4050
4051
4052
4060
4062
4064
4071
4074
4078
4079
4082
4089
4090
4092
4097
4102
4106
4108
4111
4111
4116
4117
4117
4119
4121
4123
4125
4126
4134
4146
4151
4151
4162
4164
4179
4179
4180
4184
4185
4195
4195
4196
4197
4201
4203
4204
4204
4205
4208
4215
4215
4217
4219
4220
4226
4229
4230
4231
4233
4234
4235
4235
4236
4238
4240
4240
4241
4244
4245
4249
4256
4259
4261
4281
4282
4286
4286
4287
4290
4291
4295
4298
4302
4309
4311
4314
4315
4331
4333
4335
4347
4347
4352
4355
4358
4358
4361
4364
4366
4367
4368
4382
4383
4383
4384
4384
4387
4393
4393
4394
4400
4402
4406
4406
4406
4407
4423
4424
4430
4432
4440
4441
4441
4442
4449
4451
4454
4461
4463
4476
4477
4478
4482
4493
4493
4498
4499
4505
4506
4510
4519
4519
4520
4527
4527
4529
4530
4530
4531
4532
4535
4542
4546
4551
4553
4555
4559
4560
4565
4566
4566
4572
4573
4573
4576
4577
4582
4583
4593
4594
4597
4600
4606
4612
4612
4615
4618
4622
4625
4626
4628
4630
4630
4630
4634
4635
4640
4640
4646
4648
4652
4669
4670
4670
4675
4675
4676
4681
4681
4684
4688
4694
4698
4701
4705
4709
4711
4713
4715
4727
4728
4732
4732
4733
4737
4737
4738
4744
4747
4748
4771
4776
4778
4785
4789
4795
4797
4803
4814
4817
4821
4830
4831
4837
4838
4839
4842
4851
4853
4860
4862
4862
4866
4868
4869
4873
4881
4889
4891
4893
4895
4896
4907
4911
4914
4914
4916
4916
4919
4922
4931
4931
4932
4936
4940
4941
4943
4943
4944
4945
4955
4959
4967
4973
4973
4984
4985
4987
4987
4988
4992
4995
5006
5007
5010
5011
5013
5013
5020
5022
5027
5036
5038
5041
5043
5046
5051
5055
5058
5069
5074
5076
5076
5082
5091
5095
5098
5103
5103
5105
5107
5116
5118
5119
5123
5125
5131
5134
5135
5138
5141
5145
5146
5150
5155
5155
5165
5168
5185
5185
5188
5195
5198
5203
5207
5212
5214
5215
5217
5219
5221
5222
5222
5224
5224
5224
5226
5228
5229
5229
5240
5245
5246
5251
5252
5253
5255
5256
5257
5257
5263
5263
5265
5266
5270
5271
5274
5276
5276
5277
5281
5286
5287
5294
5295
5303
5304
5307
5307
5318
5321
5324
5324
5332
5333
5337
5339
5344
5347
5353
5358
5361
5362
5368
5368
5369
5371
5373
5377
5377
5380
5381
5381
5384
5385
5386
5390
5399
5402
5402
5402
5407
5407
5409
5412
5415
5418
5421
5431
5431
5432
5435
5435
5443
5444
5448
5449
5450
5454
5456
5460
5461
5462
5462
5465
5468
5470
5474
5479
5484
5485
5489
5497
5501
5501
5502
5504
5505
5509
5509
5511
5513
5514
5516
5518
5520
5520
5526
5533
5534
5535
5541
5541
5543
5543
5547
5550
5551
5563
5567
5570
5571
5575
5576
5578
5582
5584
5585
5595
5601
5605
5612
5613
5613
5615
5615
5616
5618
5618
5623
5623
5624
5625
5633
5634
5635
5635
5637
5637
5642
5649
5651
5655
5657
5657
5660
5662
5667
5671
5673
5673
5678
5681
5683
5689
5692
5704
5707
5717
5726
5727
5728
5731
5731
5733
5744
5748
5753
5754
5755
5756
5756
5757
5770
5772
5777
5777
5777
5779
5779
5788
5792
5795
5799
5800
5803
5810
5814
5817
5818
5818
5823
5825
5831
5836
5837
5838
5856
5856
5857
5864
5870
5872
5875
5894
5895
5897
5897
5900
5900
5901
5904
5904
5906
5917
5923
5925
5928
5934
5934
5936
5941
5942
5943
5944
5947
5951
5954
5957
5959
5963
5964
5970
5971
5972
5972
5984
5987
5988
5990
5991
6005
6016
6020
6035
6035
6040
6047
6048
6050
6051
6056
6057
6061
6061
6079
6079
6079
6080
6084
6086
6091
6099
6102
6103
6108
6108
6111
6111
6113
6115
6116
6117
6119
6121
6126
6130
6130
6145
6146
6146
6147
6147
6153
6160
6162
6164
6165
6165
6165
6171
6172
6178
6179
6184
6189
6195
6197
6197
6202
6215
6216
6216
6228
6229
6231
6233
6239
6241
6246
6248
6249
6251
6258
6259
6260
6265
6267
6273
6275
6278
6279
6280
6281
6287
6288
6294
6298
6301
6302
6304
6307
6309
6311
6312
6313
6314
6317
6319
6321
6342
6343
6352
6354
6356
6366
6370
6370
6372
6376
6378
6382
6384
6391
6393
6396
6398
6402
6404
6413
6415
6419
6421
6427
6429
6431
6436
6436
6438
6440
6441
6450
6466
6470
6478
6489
6494
6495
6496
6498
6499
6499
6507
6508
6508
6509
6510
6514
6518
6519
6519
6523
6529
6533
6539
6545
6547
6548
6553
6555
6556
6562
6563
6570
6575
6587
6594
6595
6595
6597
6599
6600
6605
6608
6610
6617
6619
6622
6625
6627
6633
6635
6635
6638
6641
6642
6642
6647
6649
6649
6652
6652
6655
6659
6660
6661
6662
6679
6680
6680
6681
6690
6695
6699
6700
6703
6708
6708
6710
6710
6715
6722
6733
6734
6734
6739
6741
6748
6750
6756
6760
6767
6779
6779
6784
6790
6791
6793
6795
6800
6802
6804
6804
6807
6809
6818
6819
6819
6821
6823
6823
6825
6827
6828
6828
6830
6831
6833
6834
6843
6846
6847
6847
6853
6853
6854
6860
6866
6882
6884
6890
6892
6892
6901
6903
6911
6913
6917
6926
6930
6932
6953
6958
6959
6959
6969
6973
6978
6986
6986
6986
6989
6995
6997
6998
7001
7003
7005
7016
7016
7017
7025
7025
7026
7035
7035
7036
7037
7037
7039
7041
7041
7042
7044
7049
7062
7068
7069
7072
7074
7081
7091
7092
7094
7102
7102
7103
7105
7111
7122
7123
7125
7129
7130
7132
7132
7137
7142
7142
7144
7146
7153
7166
7174
7177
7179
7187
7187
7187
7197
7198
7198
7199
7202
7219
7221
7221
7222
7222
7223
7224
7225
7233
7238
7241
7242
7258
7261
7266
7270
7281
7282
7284
7288
7295
7296
7299
7302
7302
7314
7314
7316
7324
7325
7325
7325
7327
7327
7339
7348
7351
7353
7356
7363
7368
7370
7376
7383
7387
7389
7391
7392
7396
7397
7401
7402
7405
7408
7412
7415
7417
7418
7429
7436
7437
7438
7439
7445
7450
7455
7459
7460
7463
7463
7463
7465
7475
7476
7476
7476
7478
7485
7489
7493
7495
7497
7498
7499
7505
7509
7514
7514
7516
7519
7523
7526
7528
7528
7529
7546
7547
7551
7557
7562
7566
7567
7568
7572
7579
7587
7589
7594
7596
7597
7598
7599
7600
7604
7613
7618
7620
7621
7623
7636
7642
7645
7646
7647
7652
7655
7656
7664
7668
7670
7671
7672
7673
7676
7682
7689
7697
7708
7714
7716
7719
7721
7722
7726
7728
7735
7740
7741
7749
7749
7750
7764
7766
7769
7770
7771
7777
7778
7784
7791
7794
7802
7803
7804
7806
7807
7809
7811
7813
7816
7818
7818
7820
7822
7824
7827
7829
7832
7833
7834
7837
7844
7844
7847
7854
7856
7860
7865
7867
7867
7872
7873
7874
7876
7878
7879
7881
7884
7888
7890
7890
7892
7904
7904
7909
7911
7912
7913
7914
7918
7922
7922
7925
7928
7928
7929
7932
7938
7940
7942
7946
7948
7949
7950
7950
7952
7964
7965
7965
7972
7974
7976
7982
7986
7991
7997
8002
8003
8005
8015
8021
8021
8026
8027
8029
8029
8031
8035
8035
8036
8036
8037
8040
8048
8048
8054
8056
8058
8059
8060
8063
8070
8071
8072
8074
8074
8082
8084
8090
8091
8094
8100
8103
8104
8111
8112
8113
8123
8124
8126
8127
8132
8133
8138
8139
8140
8145
8148
8152
8154
8154
8157
8167
8180
8181
8183
8192
8195
8199
8200
8215
8219
8219
8235
8237
8238
8249
8251
8259
8260
8261
8261
8264
8269
8278
8279
8281
8286
8287
8303
8310
8311
8313
8313
8317
8318
8318
8324
8324
8326
8326
8326
8329
8331
8332
8335
8337
8343
8344
8346
8350
8363
8367
8390
8398
8409
8411
8416
8418
8431
8433
8434
8438
8444
8448
8453
8453
8460
8467
8470
8475
8476
8478
8481
8481
8483
8500
8506
8511
8511
8514
8514
8516
8522
8523
8523
8525
8527
8528
8529
8530
8530
8531
8538
8541
8544
8546
8551
8553
8554
8555
8558
8561
8563
8566
8566
8566
8568
8568
8568
8571
8576
8576
8578
8598
8598
8599
8599
8601
8602
8603
8607
8611
8613
8614
8618
8622
8623
8626
8627
8628
8630
8633
8635
8641
8643
8648
8654
8655
8656
8656
8665
8671
8672
8673
8679
8680
8684
8684
8684
8687
8690
8691
8692
8693
8704
8705
8708
8710
8711
8714
8715
8716
8718
8721
8721
8726
8735
8739
8743
8746
8747
8751
8759
8771
8772
8772
8778
8780
8780
8789
8791
8791
8792
8794
8797
8799
8801
8804
8805
8809
8810
8818
8821
8821
8824
8828
8829
8832
8833
8835
8835
8840
8846
8850
8851
8852
8856
8863
8871
8877
8879
8882
8887
8892
8893
8901
8906
8914
8914
8924
8924
8926
8927
8934
8937
8941
8941
8943
8945
8946
8948
8950
8953
8958
8959
8959
8961
8963
8964
8966
8969
8970
8976
8981
8987
8995
8995
8995
8999
9000
9001
9014
9015
9020
9021
9028
9030
9045
9047
9049
9050
9051
9054
9054
9056
9060
9062
9064
9068
9071
9074
9083
9084
9085
9086
9086
9088
9091
9101
9101
9108
9108
9111
9116
9118
9123
9123
9128
9133
9136
9136
9137
9137
9137
9157
9162
9165
9168
9172
9175
9181
9186
9189
9190
9197
9198
9203
9212
9214
9216
9218
9222
9223
9225
9226
9232
9239
9244
9246
9249
9251
9255
9256
9271
9274
9278
9289
9295
9297
9297
9301
9306
9308
9309
9310
9311
9320
9321
9328
9331
9332
9334
9335
9339
9343
9345
9345
9348
9353
9356
9356
9361
9364
9365
9365
9368
9374
9374
9376
9379
9381
9388
9392
9404
9414
9416
9419
9421
9422
9423
9433
9439
9440
9443
9451
9460
9462
9464
9469
9470
9472
9473
9475
9476
9481
9485
9490
9496
9496
9500
9501
9504
9507
9509
9511
9512
9515
9517
9525
9528
9529
9533
9536
9537
9540
9554
9556
9559
9562
9563
9565
9575
9584
9587
9589
9592
9594
9595
9597
9599
9602
9610
9610
9615
9623
9631
9639
9640
9641
9641
9646
9648
9649
9651
9652
9657
9660
9660
9663
9664
9671
9674
9674
9677
9681
9683
9685
9689
9690
9690
9697
9699
9700
9703
9705
9709
9709
9709
9712
9713
9716
9718
9721
9726
9735
9736
9737
9737
9744
9745
9745
9747
9749
9751
9752
9759
9767
9768
9779
9783
9783
9787
9788
9788
9791
9791
9793
9797
9799
9799
9808
9813
9814
9818
9831
9835
9835
9836
9844
9846
9847
9850
9851
9851
9854
9854
9856
9857
9858
9858
9861
9862
9865
9866
9868
9868
9870
9872
9879
9880
9882
9885
9885
9892
9895
9903
9905
9914
9938
9944
9946
9949
9951
9952
9952
9959
9959
9961
9961
9971
9977
9978
9980
9984
9985
9986
9987
9988
9992
9995
